42 500
45 495
36 479
33 474
32 468
50 460
26 439
20 431
19 426
11 412
9 408
6 402
25 398
23 397
48 383
47 359
24 345
41 333
4 301
1 295
35 293
34 290
31 289
27 288
13 276
37 273
43 271
2 254
18 245
22 243
21 238
44 232
39 218
5 215
12 213
17 198
49 196
29 160
46 132
40 115
10 106
28 92
30 85
15 72
16 69
14 66
7 60
8 24
38 22
3 10

42 500
45 495
36 479
33 474
32 468
50 460
26 439
20 431
19 426
11 412
9 408
6 402
25 398
23 397
48 383
47 359
24 345
41 333
4 301
1 295
35 293
34 290
31 289
27 288
13 276
37 273
43 271
2 254
18 245
22 243
21 238
44 232
39 218
5 215
12 213
17 198
49 196
29 160
46 132
40 115
10 106
28 92
30 85
15 72
16 69
14 66
7 60
8 24
38 22
3 10

42 500
45 495
36 479
33 474
32 468
50 460
26 439
20 431
19 426
11 412
9 408
6 402
25 398
23 397
48 383
47 359
24 345
41 333
4 301
1 295
35 293
34 290
31 289
27 288
13 276
37 273
43 271
2 254
18 245
22 243
21 238
44 232
39 218
5 215
12 213
17 198
49 196
29 160
46 132
40 115
10 106
28 92
30 85
15 72
16 69
14 66
7 60
8 24
38 22
3 10
