3 10
38 22
8 24
7 60
14 66
16 69
15 72
30 85
28 92
10 106
40 115
46 132
29 160
49 196
17 198
12 213
5 215
39 218
44 232
21 238
22 243
18 245
2 254
43 271
37 273
13 276
27 288
31 289
34 290
35 293
1 295
4 301
41 333
24 345
47 359
48 383
23 397
25 398
6 402
9 408
11 412
19 426
20 431
26 439
50 460
32 468
33 474
36 479
45 495
42 500

3 10
38 22
8 24
7 60
14 66
16 69
15 72
30 85
28 92
10 106
40 115
46 132
29 160
49 196
17 198
12 213
5 215
39 218
44 232
21 238
22 243
18 245
2 254
43 271
37 273
13 276
27 288
31 289
34 290
35 293
1 295
4 301
41 333
24 345
47 359
48 383
23 397
25 398
6 402
9 408
11 412
19 426
20 431
26 439
50 460
32 468
33 474
36 479
45 495
42 500

3 10
38 22
8 24
7 60
14 66
16 69
15 72
30 85
28 92
10 106
40 115
46 132
29 160
49 196
17 198
12 213
5 215
39 218
44 232
21 238
22 243
18 245
2 254
43 271
37 273
13 276
27 288
31 289
34 290
35 293
1 295
4 301
41 333
24 345
47 359
48 383
23 397
25 398
6 402
9 408
11 412
19 426
20 431
26 439
50 460
32 468
33 474
36 479
45 495
42 500
