49 979
1 867
21 826
9 798
50 779
48 769
45 706
11 664
31 663
33 648
7 637
25 636
13 619
37 612
17 610
43 606
38 597
41 596
29 581
16 575
34 562
2 551
20 550
35 524
18 463
23 451
4 401
3 394
6 394
12 372
32 369
36 361
28 349
27 329
30 292
46 275
42 274
10 243
26 242
14 223
39 220
19 190
40 156
44 155
47 149
5 131
22 84
8 78
15 43
24 39

49 979
1 867
21 826
9 798
50 779
48 769
45 706
11 664
31 663
33 648
7 637
25 636
13 619
37 612
17 610
43 606
38 597
41 596
29 581
16 575
34 562
2 551
20 550
35 524
18 463
23 451
4 401
3 394
6 394
12 372
32 369
36 361
28 349
27 329
30 292
46 275
42 274
10 243
26 242
14 223
39 220
19 190
40 156
44 155
47 149
5 131
22 84
8 78
15 43
24 39

49 979
1 867
21 826
9 798
50 779
48 769
45 706
11 664
31 663
33 648
7 637
25 636
13 619
37 612
17 610
43 606
38 597
41 596
29 581
16 575
34 562
2 551
20 550
35 524
18 463
23 451
4 401
6 394
3 394
12 372
32 369
36 361
28 349
27 329
30 292
46 275
42 274
10 243
26 242
14 223
39 220
19 190
40 156
44 155
47 149
5 131
22 84
8 78
15 43
24 39
