24 39
15 43
8 78
22 84
5 131
47 149
44 155
40 156
19 190
39 220
14 223
26 242
10 243
42 274
46 275
30 292
27 329
28 349
36 361
32 369
12 372
3 394
6 394
4 401
23 451
18 463
35 524
20 550
2 551
34 562
16 575
29 581
41 596
38 597
43 606
17 610
37 612
13 619
25 636
7 637
33 648
31 663
11 664
45 706
48 769
50 779
9 798
21 826
1 867
49 979

24 39
15 43
8 78
22 84
5 131
47 149
44 155
40 156
19 190
39 220
14 223
26 242
10 243
42 274
46 275
30 292
27 329
28 349
36 361
32 369
12 372
6 394
3 394
4 401
23 451
18 463
35 524
20 550
2 551
34 562
16 575
29 581
41 596
38 597
43 606
17 610
37 612
13 619
25 636
7 637
33 648
31 663
11 664
45 706
48 769
50 779
9 798
21 826
1 867
49 979

24 39
15 43
8 78
22 84
5 131
47 149
44 155
40 156
19 190
39 220
14 223
26 242
10 243
42 274
46 275
30 292
27 329
28 349
36 361
32 369
12 372
6 394
3 394
4 401
23 451
18 463
35 524
20 550
2 551
34 562
16 575
29 581
41 596
38 597
43 606
17 610
37 612
13 619
25 636
7 637
33 648
31 663
11 664
45 706
48 769
50 779
9 798
21 826
1 867
49 979
